drugName	marketingDate	preTrialNum	postTrialNum
diovan	20010701	120	114
levoxyl	19960829	25	21
cozaar	19950414	138	68
trizivir	20101102	10	10
rituxan	19971126	1261	50
rebetol	19980603	574	150
elidel	20011202	24	25
cellcept	19950503	486	216
zoloft	19920211	110	77
nuvaring	20011003	4	11
invega	20061219	95	51
plavix	19000101	242	218
xarelto	20110701	77	21
actiq	19981104	183	173
pradaxa	20101026	99	22
vyvanse	20070223	52	26
pletal	19990115	29	49
prograf	19940408	539	247
testim	20021031	253	60
viread	20011026	310	155
benicar hct	20030605	5	2
lovenox	19930329	58	17
endocet	20000526	24	16
adderall xr	19960213	13	7
effexor xr	19971101	78	56
humira	20021230	181	75
concerta	20000801	145	101
glucovance	20020531	4	2
focalin xr	20011130	11	5
lamictal	19950117	92	39
atacand	19980914	76	35
celebrex	19981002	270	65
kadian	20011107	270	221
hyzaar	19950428	11	3
celexa	19980717	193	171
paxil	19960710	108	63
atripla	20060720	25	20
strattera	20030110	73	56
arava	19980910	37	10
avelox	19991210	278	53
ortho evra	20011120	9	5
epivir	19951121	308	143
norvir	20100506	520	157
aranesp	20060607	113	17
budeprion sr	20040128	47	22
micardis	20001201	124	59
arixtra	20041117	35	9
levaquin	19961220	100	43
accupril	19911119	5	13
combivir	19970930	47	24
fentora	20060925	183	173
micardis hct	20001201	1	4
exforge	20070620	17	9
duragesic	19900807	183	173
viramune	20010801	120	45
avapro	19970930	40	36
xolair	20030620	75	38
androgel	20030515	253	60
symbicort	20070529	85	31
toprol xl	19920201	74	59
opana er	20060622	7	2
advair hfa	20080929	32	35
thalomid	20030620	418	9
avalide	19970930	1	6
epzicom	20060522	18	12
amnesteem	20021111	87	6
benicar	20020425	64	33
zyprexa	19961001	153	132
procrit	19890601	384	87
diovan hct	19980306	4	4
truvada	20040802	90	72
valcyte	20010329	45	12
xeloda	19980430	1033	19
abilify	20021115	151	112
mobic	20000601	46	8
seroquel	19971001	171	129
avinza	20020320	270	221
pristiq	20080501	47	15
advair diskus	20010621	32	35
prozac	19871229	77	60
yaz	20060316	42	14
janumet	20070330	9	9
altace	19910128	70	45
depakote	19830310	185	60
risperdal consta	20031029	273	181
wellbutrin xl	20031008	150	74
evista	19980106	28	19
chantix	20060510	117	54
azor	20070926	1	3
premarin vaginal	19561201	6	4
geodon	20010205	56	56
avandamet	20031204	10	5
invega sustenna	20090731	27	13
enbrel	20030102	164	93
forteo	20081001	69	32
sporanox	19920911	80	9
pegasys	20021016	305	120
tri-sprintec	20031229	278	53
avandia	19990528	130	49
cymbalta	20040824	122	76
lotrel	19950303	21	12
herceptin	19980925	584	7
victoza	20100125	134	49
erbitux	20040212	609	6
lexapro	20020814	193	171
avastin	20040226	1454	66
trinessa	20030211	278	53
wellbutrin sr	19860204	150	74
actoplus met	20050829	10	2
actos	19990715	226	94
incivek	20110523	77	6
ultracet	20010815	9	11
zerit	19940624	106	31
yasmin 28	20010511	13	3
lotensin	19910625	21	12
epogen	19890630	384	87
synthroid	20020224	25	21
oxycontin	19951201	164	66
flector	20080114	112	61
eloxatin	20060602	1106	22
coumadin tabs	19950731	48	8
risperdal	19931229	273	181
remicade	19980824	137	64
aviane	19950824	34	9
revlimid	20051227	582	4
