drugName	marketingDate	preTrialNum	postTrialNum
prandin	20000103	16	16
singulair	19980220	133	66
stelara	20090925	44	5
lyrica	20041230	182	84
clarinex	20011221	31	30
tarceva	20050430	674	11
flomax	19970912	74	29
biaxin	19911031	109	56
doryx	20110921	108	38
byetta	20050428	138	54
spiriva	20040714	183	63
viagra	19980327	146	82
zithromax	19940928	57	35
ambien cr	20051007	40	29
ciprodex otic	20030815	7	1
ranexa	20060127	37	22
proair hfa	19810101	225	85
pentasa	19930510	101	17
aciphex	19990819	73	29
xyzal	20070809	31	22
zofran	19910204	139	48
femara	19970731	223	23
flonase	19941108	290	157
famvir	19940629	11	4
mirapex	20030904	73	29
trileptal	20000130	26	12
gleevec	20010515	460	28
bystolic	20080122	23	36
requip	19971001	49	17
xopenex	19990401	223	85
alimta	20040213	493	9
kaletra	20060411	172	89
propecia	19971219	38	5
ditropan xl	19990626	29	21
vesicare	20050105	42	38
uroxatral	20040622	27	11
zonegran	20000327	36	17
lipitor	19961217	353	191
novolog mix 70/30	20020911	16	19
asacol	19920401	101	17
vytorin	20040723	23	22
macrobid	20110531	9	13
dexilant	20100412	89	55
caduet	20040130	5	9
solodyn	20090723	98	23
welchol	20000901	17	15
lovaza	20081021	61	34
gonal-f	20040325	55	42
intuniv	20090902	28	14
travatan z	20061020	44	62
nuvigil	20090526	116	27
rhinocort aqua	20010402	202	77
elmiron	19960926	2	1
marinol	20100713	75	3
zetia	20021025	132	68
viracept	19970314	99	10
amaryl	20090618	121	56
arimidex	19960116	167	14
namenda	20031016	84	48
aricept	19961125	153	55
catapres-tts	19851001	78	39
betaseron	20090709	30	16
restasis	20030401	563	147
zytiga	20110428	115	3
humulin n	19970106	73	61
synagis	19980619	8	2
tiazac	20101225	38	15
pulmozyme	19931230	15	8
renvela	20090812	45	8
velcade	20030513	677	11
epipen	19871222	197	152
aggrenox	19991219	20	4
sustiva	19980917	208	85
levitra	20030423	38	29
boniva	20020715	32	24
lialda	20070116	101	17
ultram er	20050908	80	61
vancocin hcl	19860415	123	49
protonix	20000501	80	39
zegerid	20040615	190	47
orencia	20090101	87	10
astelin	19961115	24	9
copaxone	20080428	43	24
casodex	19951016	129	4
bactroban	19960410	12	15
levemir	20060327	67	54
crestor	20030818	226	88
relpax	20021226	9	5
veramyst	20070515	290	157
trilipix	20081215	91	26
prezista	20080308	112	36
niaspan	19970728	130	44
taclonex	20080601	13	7
lantus	20020604	224	177
zomig	19980110	4	4
nasacort aq	19960520	222	65
duoneb	20110215	11	9
cosopt	19980407	8	22
keppra	20000424	115	33
imitrex inj	19930223	10	3
xgeva	20101118	75	12
clobex	20030801	35	18
zocor	19911223	277	99
januvia	20061016	209	91
inderal la	19830419	100	31
benzaclin	20090827	8	13
tobradex	19880818	9	3
entocort ec	20011029	202	77
oracea	20060929	108	38
lescol	19931230	26	23
differin	19960531	27	26
prilosec	19901001	190	47
creon	20090929	510	40
provigil	19981224	116	27
glucotrol xl	19940801	23	6
penlac	19991217	3	4
xalatan	19950320	85	66
humalog	19960724	106	49
dovonex	19961001	60	8
proventil hfa	20011001	223	85
neupogen	19940608	868	12
asmanex	20050330	84	34
gilenya	20100921	39	24
fosamax	19950929	86	31
avonex	19960517	91	39
prevacid	19950510	89	55
pravachol	20090601	74	37
zometa	20010820	185	49
tricor	20041105	91	26
lantus solostar	20090923	4	18
pulmicort respules	20000908	202	77
neurontin	19931230	121	50
combivent respimat	20120824	4	1
norvasc	19920731	232	136
ventolin hfa	20060609	223	85
topamax	19970101	146	47
alphagan p	20010710	49	33
novolog	20010827	195	110
enablex	20041222	10	7
aldara	20110624	81	24
temodar	19990811	565	2
maxalt	19980629	20	7
miacalcin nasal	19860703	7	2
tecfidera	20130327	27	10
augmentin xr	19840806	42	30
afinitor	20090331	1126	298
lidoderm	19990320	281	219
xopenex hfa	20051201	223	85
detrol la	20000222	41	29
valtrex	19950801	61	16
avodart	20021210	57	20
patanol	19970217	24	22
klor-con	19860417	406	182
zyvox	20000418	58	14
rebif	20020307	91	39
fuzeon	20120410	29	14
nexium	20010319	139	86
lucentis	20060630	274	68
suboxone	20070116	43	17
ambien	19930401	40	29
nasonex	19971001	84	34
pataday	20070215	24	22
amitiza	20060131	18	11
renagel	20080606	45	8
tamiflu	19991027	46	22
diflucan	19900129	90	16
neulasta	20020401	231	6
lunesta	20050404	22	21
lumigan	20010322	42	50
dexilant/kapidex	20090305	89	55
qvar	20000915	95	26
fosamax plus d	20050407	24	9
proscar	19920619	38	5
ddavp	19780221	27	16
isentress	20071012	142	62
vigamox	20030507	278	53
sensipar	20040404	35	18
actonel	19980327	52	29
coreg	19970603	63	44
flovent	20050713	290	157
humulin 70/30	20130612	49	38
reyataz	20030624	109	53
cialis	20031126	77	30
